0     -740.021541897
1     -740.023077439
2     -740.026365317
3     -740.024081874
4     -740.025192221
5     -740.021811981
6     -740.021188287
7     -740.017421843
8     -740.015029048
9     -740.02622149
10     -740.023498051
11     -740.034157591
12     -740.011574714
13     -740.018859763
14     -740.027933744
15     -740.021252212
16     -740.024998716
17     -740.02915473
18     -740.031017695
19     -740.020806587
20     -740.022673746
21     -740.027485397
22     -740.022367975
23     -740.027585377
24     -740.028406648
25     -740.020408873
26     -740.027571801
27     -740.026068236
28     -740.027827369
29     -740.028557301
30     -740.02964747
31     -740.024886163
32     -740.028238669
33     -740.031274865
34     -740.024102803
35     -740.026394088
36     -740.034067644
37     -740.021197612
38     -740.017153664
39     -740.031365353
40     -740.023426449
41     -740.023080227
42     -740.035852287
43     -740.02740146
44     -740.027791759
45     -740.034397848
46     -740.02973113
47     -740.033631014
48     -740.026483898
49     -740.032271984
50     -740.030327162
51     -740.026371702
52     -740.031251486
53     -740.023485557
54     -740.026344592
55     -740.026428172
56     -740.032976564
57     -740.031374713
58     -740.029474588
59     -740.028381255
60     -740.028128182
61     -740.020646393
62     -740.031622451
63     -740.029664659
64     -740.027022648
65     -740.028545035
66     -740.025135445
67     -740.025966189
68     -740.030600888
69     -740.026927097
70     -740.021122246
71     -740.029275645
72     -740.027317726
73     -740.025732551
74     -740.024094306
75     -740.027744385
76     -740.024712899
77     -740.025782773
78     -740.008984471
79     -4.99982961748
